#         t          x          y          z         vx         vy         vz
      0.000    -98.450   -120.030   -127.810    -27.700    174.120     92.490
      0.100   -100.838   -102.193   -118.088    -20.070    182.628    101.940
      0.200   -102.365    -83.490   -107.359    -10.454    191.415    112.654
      0.300   -102.796    -63.908    -95.483      1.831    200.241    124.859
      0.400   -101.817    -43.466    -82.302     17.739    208.589    138.763
      0.500    -99.002    -22.266    -67.643     38.557    215.403    154.422
      0.600    -93.785     -0.565    -51.352     65.785    218.628    171.396
      0.700    -85.476     21.100    -33.382    100.397    214.663    188.007
      0.800    -73.424     41.770    -13.963    140.652    198.736    200.360
      0.900    -57.425     60.137      6.209    179.334    168.610    203.090
      1.000    -38.133     75.077     26.039    206.489    130.185    193.506
      1.100    -16.850     86.233     44.559    219.188     92.931    176.886
      1.200      5.170     93.975     61.325    221.198     61.918    158.450
      1.300     27.087     98.955     76.299    217.147     37.687    141.020
      1.400     48.451    101.792     89.626    210.136     19.057    125.521
      1.500     69.052    102.979    101.503    201.880      4.669    112.020
      1.600     88.809    102.883    112.119    193.255     -6.578    100.295
      1.700    107.706    101.780    121.637    184.695    -15.494     90.071
      1.800    125.761     99.872    130.195    176.401    -22.657     81.093
      1.900    143.004     97.315    137.907    168.461    -28.482     73.146
      2.000    159.472     94.227    144.867    160.901    -33.270     66.057
      2.100    175.203     90.702    151.154    153.717    -37.239     59.684
      2.200    190.234     86.812    156.834    146.892    -40.555     53.916
      2.300    204.598     82.618    161.963    140.401    -43.340     48.661
      2.400    218.329     78.166    166.589    134.219    -45.691     43.847
      2.500    231.456     73.497    170.752    128.319    -47.680     39.411
      2.600    244.006     68.645    174.487    122.678    -49.367     35.306
      2.700    256.003     63.637    177.827    117.272    -50.797     31.488
      2.800    267.471     58.497    180.798    112.082    -52.008     27.925
      2.900    278.430     53.245    183.423    107.088    -53.030     24.585
      3.000    288.898     47.899    185.725    102.273    -53.888     21.446
      3.100    298.892     42.474    187.721     97.621    -54.603     18.485
      3.200    308.429     36.985    189.430     93.120    -55.192     15.684
      3.300    317.523     31.441    190.865     88.757    -55.669     13.027
      3.400    326.187     25.856    192.042     84.519    -56.047     10.501
      3.500    334.433     20.237    192.972     80.396    -56.334      8.094
      3.600    342.272     14.593    193.666     76.380    -56.541      5.795
      3.700    349.714      8.932    194.136     72.462    -56.674      3.595
      3.800    356.768      3.261    194.390     68.633    -56.740      1.485
      3.900    363.445     -2.413    194.437     64.887    -56.745     -0.541
      4.000    369.750     -8.085    194.285     61.217    -56.692     -2.490
      4.100    375.691    -13.749    193.942     57.617    -56.587     -4.369
      4.200    381.276    -19.399    193.415     54.081    -56.432     -6.182
      4.300    386.511    -25.033    192.709     50.604    -56.231     -7.934
      4.400    391.400    -30.643    191.831     47.181    -55.986     -9.629
      4.500    395.949    -36.228    190.786     43.807    -55.699    -11.272
      4.600    400.163    -41.781    189.579     40.478    -55.373    -12.865
      4.700    404.047    -47.300    188.215     37.191    -55.009    -14.413
      4.800    407.603    -52.781    186.699     33.940    -54.608    -15.917
      4.900    410.837    -58.220    185.034     30.724    -54.172    -17.381
      5.000    413.750    -63.614    183.224     27.537    -53.701    -18.807
      5.100    416.345    -68.959    181.274     24.377    -53.196    -20.197
      5.200    418.626    -74.251    179.187     21.241    -52.658    -21.554
      5.300    420.595    -79.489    176.965     18.126    -52.088    -22.878
      5.400    422.252    -84.667    174.612     15.028    -51.484    -24.173
      5.500    423.601    -89.784    172.132     11.945    -50.848    -25.440
      5.600    424.642    -94.835    169.526      8.874    -50.180    -26.679
      5.700    425.376    -99.818    166.797      5.812    -49.479    -27.893
      5.800    425.805   -104.729    163.948      2.757    -48.745    -29.083
      5.900    425.928   -109.565    160.982     -0.294    -47.977    -30.250
      6.000    425.746   -114.323    157.900     -3.345    -47.175    -31.394
      6.100    425.259   -118.999    154.704     -6.396    -46.338    -32.518
      6.200    424.467   -123.589    151.397     -9.452    -45.466    -33.622
      6.300    423.368   -128.090    147.981    -12.515    -44.557    -34.706
      6.400    421.963   -132.498    144.457    -15.587    -43.610    -35.771
      6.500    420.250   -136.810    140.827    -18.672    -42.623    -36.819
      6.600    418.228   -141.021    137.094    -21.771    -41.596    -37.849
      6.700    415.895   -145.127    133.258    -24.889    -40.527    -38.862
      6.800    413.249   -149.124    129.322    -28.028    -39.413    -39.859
      6.900    410.288   -153.007    125.287    -31.190    -38.253    -40.839
      7.000    407.010   -156.772    121.155    -34.380    -37.044    -41.804
      7.100    403.411   -160.413    116.927    -37.601    -35.783    -42.753
      7.200    399.488   -163.926    112.605    -40.855    -34.468    -43.686
      7.300    395.238   -167.304    108.191    -44.148    -33.096    -44.604
      7.400    390.656   -170.542    103.685    -47.482    -31.663    -45.506
      7.500    385.739   -173.634     99.091    -50.861    -30.165    -46.392
      7.600    380.481   -176.572     94.408    -54.291    -28.597    -47.261
      7.700    374.878   -179.349     89.639    -57.775    -26.956    -48.114
      7.800    368.923   -181.959     84.786    -61.319    -25.234    -48.948
      7.900    362.611   -184.392     79.850    -64.928    -23.427    -49.764
      8.000    355.934   -186.640     74.834    -68.607    -21.527    -50.560
      8.100    348.886   -188.692     69.739    -72.363    -19.527    -51.335
      8.200    341.458   -190.539     64.568    -76.203    -17.417    -52.086
      8.300    333.641   -192.170     59.324    -80.134    -15.189    -52.812
      8.400    325.426   -193.571     54.008    -84.164    -12.830    -53.509
      8.500    316.803   -194.729     48.623    -88.301    -10.329    -54.175
      8.600    307.760   -195.629     43.174    -92.555     -7.670    -54.806
      8.700    298.285   -196.254     37.664    -96.937     -4.837    -55.396
      8.800    288.366   -196.586     32.097   -101.457     -1.810    -55.939
      8.900    277.986   -196.605     26.479   -106.129      1.434    -56.429
      9.000    267.131   -196.287     20.815   -110.967      4.920    -56.856
      9.100    255.784   -195.607     15.111   -115.985      8.682    -57.208
      9.200    243.924   -194.535      9.377   -121.202     12.754    -57.472
      9.300    231.533   -193.039      3.622   -126.634     17.183    -57.630
      9.400    218.586   -191.078     -2.142   -132.304     22.021    -57.655
      9.500    205.059   -188.611     -7.900   -138.230     27.332    -57.503
      9.600    190.926   -185.584    -13.633   -144.436     33.197    -57.152
      9.700    176.157   -181.939    -19.318   -150.944     39.712    -56.553
      9.800    160.721   -177.603    -24.927   -157.774     47.002    -55.638
      9.900    144.585   -172.492    -30.425   -164.941     55.220    -54.318
     10.000    127.716   -166.503    -35.765   -172.448     64.566    -52.468
     10.100    110.080   -159.510    -40.884   -180.273     75.294    -49.915
